0,574
0,573
0,572
0,571
0,570
0,569
0,568
0,567
0,566
0,565
0,564
34,111
34,110
34,109
34,108
49,36
0,534
49,35
11,17
11,28
11,5
11,11
11,26
11,13
9,7
9,5
9,2
9,3
8,14
8,5
8,8
8,10
8,2
8,3
0,318
12,2
12,1
12,3
19,2
19,1
19,3
36,82
36,81
36,80
36,79
36,78
36,77
36,76
36,75
36,74
36,73
36,72
36,71
36,70
36,69
36,68
36,67
36,66
36,65
36,64
36,39
36,38
36,37
36,36
36,35
36,34
36,33
36,32
36,31
36,30
36,29
36,28
36,27
36,26
36,25
36,24
36,23
36,22
36,21
36,20
36,19
36,18
36,17
36,16
36,15
36,14
36,13
36,12
36,11
36,10
36,9
36,8
36,7
36,6
36,5
36,4
36,3
36,2
36,1
36,0
35,5
35,4
35,3
35,2
35,1
34,107
34,106
34,105
34,104
34,103
34,102
34,101
34,100
34,99
34,98
34,97
34,96
34,95
34,94
34,93
34,92
34,91
34,90
34,89
34,88
34,87
34,86
34,85
34,84
34,83
34,82
34,81
34,80
34,79
34,78
34,77
34,76
34,75
34,74
34,73
34,15
34,14
34,9
34,8
34,7
34,6
